79146548
79146419
79146412
79146127
79145758
79145106
79144988
79144491
79144476
79144187
79144165
79144096
79144079
79144053
79144033
79143869
79143777
79143664
79143620
79143556
79143195
79143159
79142984
79142883
79142755
79142362
79142221
79139703
79139436
79139431
79139318
79139152
79138460
79138170
79137268
79136777
79136659
79122871
79122545
79122325
79122302
79122150
79121996
79121381
79121278
79121211
79120973
79120956
79120927
79120816
79120292
79120264
79119961
79118958
79118923
79118843
79118826
79118490
79118274
79118152
79118138
79117563
79117184
79116172
79115487
79115182
79115093
79114987
79114567
79146412
79146127
79145758
79144476
79144096
79144079
79097264
79096695
79093513
79093194
79090291
79089650
79089625
79089559
79088829
79087874
79087767
79087096
79087062
79085902
79085798
79084966
79084609
79084406
79083932
79083164
79082901
79081171
79081164
79081114
79080719
79080444
79079676
79079562
79079487
79079438
79078823
79132115
79131431
79131385
79131326
79130670
79130607
79130529
79130522
79130391
79130069
79130057
79129486
79129180
79129172
79127946
79127434
79127167
79126749
79126629
79126371
79125244
79125174
79124931
79124400
79123619
79123414
79046559
79046052
79045792
79045307
79045146
79045030
79044774
79044080
79042751
79042213
79041900
79041624
79041579
79041481
79050514
79050338
79050210
79049664
79049633
79049369
79049234
79048749
79048715
79048500
79047648
79047610